   2.30771375       18.1421642       5.56508079E-02  0.111301616       0.00000000       7.83136483E+12   1.00480151       5.56508079E-02   7.87021294E-02   0.00000000       660168.000      -2.47685847E-07  -7.59772523E-10  -1.51954505E-09  -0.00000000      -106917.688    
   2.66277099       18.5475349       6.62929440      0.398482174      0.688287377       5.09779273E+12  0.819692910      0.490051538      0.120146900      0.157903969       429733.500      -3.89003759E-07  -1.39038448E-07  -8.35750225E-09  -1.44356864E-08  -106917.750    
   3.07245636       19.2420101       4.03233290      0.141485363      0.306551635       3.31838102E+12  0.673605084      0.308360219       5.77611625E-02   8.50221291E-02   279732.719      -6.19974855E-07  -1.29921204E-07  -4.55863880E-09  -9.87705029E-09  -106917.766    
   3.54517460       16.3629589       1.53498678E-02   4.60496023E-02   7.67493397E-02   1.53498678E-02  0.501167893       1.53498678E-02   2.65867505E-02   3.43233496E-02   1.53498678E-02  0.990706325       9.29368020E-04   2.78810412E-03   4.64684004E-03   9.29368020E-04
   4.09062386       14.7180929       0.00000000       0.00000000       0.00000000       1.40571063E+12  0.383486569       0.00000000       0.00000000       0.00000000       118514.742      -1.26655891E-06  -0.00000000      -0.00000000      -0.00000000      -120967.797    
   4.71999311       16.1954575       1.93825161       6.50419993E-03   8.45545977E-02   9.15041944E+11  0.324558914      0.112279899       6.50419993E-03   2.34512258E-02   77146.7188      -2.14114675E-06  -2.56249677E-07  -8.59898264E-10  -1.11786775E-08  -120974.602    
   5.44619608       16.9397202      0.702822685       1.69354863E-02   6.77419454E-02   5.95641303E+11  0.267807037       5.45496196E-02   8.46774317E-03   1.69354863E-02   50218.2109      -3.44045452E-06  -1.42743176E-07  -3.43959461E-09  -1.37583784E-08  -120974.656    
   6.28413057       15.7781944      0.316941887       4.96082976E-02   0.00000000       3.87729588E+11  0.208530486       2.95549855E-02   1.16927875E-02   0.00000000       32689.2832      -4.91363153E-06  -9.87017685E-08  -1.54489719E-08  -0.00000000      -120746.406    
   7.25098658       19.9907150       2.63002682      0.715812206      0.801925004      0.525646567      0.189377025       6.86899498E-02   3.58354338E-02   3.79297473E-02   3.07085998E-02  0.810517907      0.106633693       2.90224031E-02   3.25138196E-02   2.13121902E-02
   8.36660004       20.8453293       1.87432790       4.67122234E-02   4.55444157E-02   1.64292477E+11  0.156023368       4.67851534E-02   7.38585088E-03   7.29294308E-03   13851.4141      -1.53197889E-05  -1.37749362E-06  -3.43300570E-08  -3.34718067E-08  -120742.922    
   9.65385818       23.1891994       2.53138924      0.386169910      0.280505300       3191.49048      0.132770076       4.38668877E-02   1.71335191E-02   1.46025233E-02   1.55759346       7.20636407E-03   7.86664197E-04   1.20007637E-04   8.71708980E-05  0.991799772    
   11.1391697       23.4140339       4.45300627       4.48170662       3.90918422       6.96345887E+10  0.107638501       4.69414145E-02   4.70924452E-02   4.39817570E-02   5870.05322      -3.59522928E-05  -6.83759936E-06  -6.88166847E-06  -6.00255953E-06  -106924.039    
   12.8530064       30.5147057       9.29929638       16.3206367       10.5658302       5.88976908       9.91416723E-02   5.47301583E-02   7.25053772E-02   5.83382584E-02   4.35562842E-02  0.420369267      0.128106713      0.224832386      0.145554423       8.11372101E-02
   14.8305292       31.2443562       9.54148769       15.0421114       5.17541742       2.64945793       8.09393153E-02   4.47282344E-02   5.61601296E-02   3.29417288E-02   2.35696007E-02  0.490855724      0.149898872      0.236314878       8.13069493E-02   4.16235700E-02
   17.1123066       31.9168491       14.3856144       32.8595657       27.3771496       1.92016712E+10   6.60018325E-02   4.43108603E-02   6.69694692E-02   6.11279830E-02   1618.88318      -2.00066570E-04  -9.01743333E-05  -2.05975870E-04  -1.71610052E-04  -120363.156    
   19.7451515       31.5991840       17.4903240       36.2701530       19.4173851       29822.3125       5.29853627E-02   3.94200273E-02   5.67665733E-02   4.15349193E-02   1.62775362       1.05587230E-03   5.84431167E-04   1.21195056E-03   6.48823043E-04  0.996498883    
   22.7830772       30.9785137       12.0941057       23.5110378       17.9191074       8.13630822E+09   4.23272848E-02   2.64470372E-02   3.68744917E-02   3.21920253E-02   685.968018      -4.58565861E-04  -1.79025505E-04  -3.48027010E-04  -2.65251292E-04  -120439.391    
   26.2884064       30.2778931       9.75214291       18.5966663       10.8347445       12638.2314       3.37617733E-02   1.91607475E-02   2.64593996E-02   2.01962981E-02  0.689772010       2.38264282E-03   7.67420453E-04   1.46341801E-03   8.52613011E-04  0.994533956    
   30.3330574       29.9094219       10.0096865       17.4655514       9.27044487       3.44759219E+09   2.70731281E-02   1.56619065E-02   2.06883345E-02   1.50724798E-02   290.664734      -1.03576574E-03  -3.46636254E-04  -6.04833418E-04  -3.21036234E-04  -119390.391    
   35.0000038       27.9098988       9.50339508       21.4050522       18.5616207       276.185760       2.11001616E-02   1.23124942E-02   1.84784178E-02   1.72073729E-02   6.63754195E-02   7.89383650E-02   2.68787257E-02   6.05405234E-02   5.24983630E-02  0.781144083    
