  0.723062754               0           0        1022
   1.04563951               0           0        2239
   1.51212597               0           0        4261
   2.18672419               0           0        8026
   3.16227770               0           0       15079
   4.57305002               0           0       31659
   6.61320591               0           0       71040
   9.56352520               0           0      172025
   13.8300571               0           0      441272
   20.0000019               0           0     1155822
