   1.20254958       2.24207754E-44
   1.44612551       0.00000000    
   1.73903763       0.00000000    
   2.09127903       0.00000000    
   2.51486659       0.00000000    
   3.02425194       0.00000000    
   3.63681316       0.00000000    
   4.37344790       0.00000000    
   5.25928783       0.00000000    
   6.32455444       0.00000000    
   7.60559082       0.00000000    
   9.14610004       0.00000000    
   10.9986382       0.00000000    
   13.2264099       0.00000000    
   15.9054108       0.00000000    
   19.1270466       0.00000000    
   23.0012245       0.00000000    
   27.6601086       0.00000000    
   33.2626572       0.00000000    
   39.9999847       0.00000000    
