   55.9364319           74253   36.3649101    
   56.1840973          137568   9.62879372    
   56.7405205          137585   9.62879372    
   56.0416489          159654   10.4416018    
   56.8373299          191890   11.4964514    
   56.5080376          191891   11.4964046    
   55.5596695          614245   37.0651436    
   55.6290169         1042021   51.9127007    
   56.9592972         1065605   34.8402557    
   55.4887848         1065660   34.8403816    
   56.2324295         1065662   34.8404121    
   56.4594841         1249745   9.36079216    
   56.1812134         1594182   25.9348392    
   56.2120705         1706535   54.3223801    
   55.4718323         1837834   28.9086857    
   55.5105171         1837835   28.9088993    
   56.5668907         1862198   37.9084435    
   55.7685738         1862255   37.9089317    
   56.0545464         2201871   16.3352337    
   58.8846588         2311315   37.9074554    
   56.7260246         2311317   37.9074974    
   57.5853348         2311341   37.9081192    
   55.9901886         2311344   37.9081001    
   56.2275696         2311419   37.9084625    
   56.1593208         2418775   36.9632072    
   57.5519753         3345495   19.4344997    
   58.9340782         3345497   19.4344044    
   56.0370941         3345499   19.4345055    
   55.5835381         3374094   28.3185616    
   56.3517647         3738180   28.8283195    
   55.5703659         3795810   47.5841789    
   55.4831161         4320828   29.3321762    
   55.6031990         4691547   32.3271561    
   55.8936882         4705800   28.2654972    
   56.0484924         4705807   28.2656918    
   58.7632141         4705846   28.2642956    
   56.8763924         4705885   28.2655048    
   58.4169998         4705895   28.2655525    
   57.9033966         4705896   28.2656841    
   56.2239189         4705897   28.2659016    
   56.7149506         4705911   28.2661953    
   55.5448685         4853756   9.88212109    
   56.0164452         5973166   41.0973778    
   55.8500404         6011575   17.3057919    
   55.8260231         6476074   13.6694002    
   57.5776405         6803835   39.4530678    
   55.8947906         6803841   39.4529915    
   55.5176468         6908358   11.3507204    
   56.3159523         6908365   11.3504400    
   58.0649719         6908366   11.3505335    
   56.7430649         6924808   35.0968704    
   58.9130249         6924809   35.0969009    
   55.8780899         6924811   35.0970955    
   57.3363876         6924812   35.0968933    
   56.8195038         7052554   31.6406975    
   57.0128365         7052563   31.6408710    
   56.7847443         7213618   17.3030128    
   56.7161484         7213621   17.3028755    
   55.9566536         7213623   17.3030605    
   55.7775421         7323277   26.3059921    
   55.5211182         7346073   33.3750648    
   55.9473991         7665786   30.7560406    
   56.1622543         7665788   30.7559223    
   55.4637947         7665789   30.7560482    
   55.6759605         7668080   30.1325722    
   55.5537262         7874628   34.9047546    
   55.5943756         7874631   34.9045830    
   56.4129295         7951904   28.7378407    
   63.0206909         8013377   13.9871674    
   61.7124214         8013378   13.9872408    
   56.5633049         8013393   13.9875288    
   57.3507004         8013394   13.9872904    
   56.7220993         8013396   13.9875174    
   58.1032448         8013398   13.9877167    
   56.7199860         8013403   13.9877548    
   55.9511032         8013404   13.9877586    
   55.9264297         8194637   26.6962852    
   57.0464325         8194676   26.6971951    
   63.0784035         8428054   53.2978668    
   58.8078156         8646556   36.6775093    
   56.3009605         8982054   9.17985058    
   57.2571678         9068611   39.6840210    
   57.3860016         9068615   39.6841049    
   55.9990807         9124502   18.0471535    
   58.5339050         9124503   18.0471821    
   55.7748528         9124515   18.0463543    
   57.3423042         9124518   18.0463448    
   57.4429703         9124526   18.0466328    
   63.0254440         9124529   18.0465431    
   56.2212448        10018315   38.6536942    
   57.4358177        10018485   38.6533737    
   56.2944107        10018486   38.6534157    
   55.8863220        10018490   38.6529694    
   55.8826332        10275429   13.6879673    
   60.2304726        10275517   13.6878805    
   58.7632675        10275525   13.6883049    
   55.7541695        10275526   13.6882563    
   55.6384811        10275527   13.6881475    
   55.5734367        10275534   13.6881847    
   55.9134102        10400889   20.7461643    
   56.2915192        10400896   20.7458458    
   56.5858955        10401126   20.7456970    
   55.6298447        10401128   20.7457371    
   55.5701675        10975450   24.5258064    
   55.9122581        10975451   24.5258121    
   58.2815094        11059110   27.6363239    
   56.4817963        11059140   27.6364002    
   56.5859909        11372765   58.3441467    
   55.5072556        11372933   58.3443527    
   55.4593735        11541414   47.7498093    
   56.2083931        11626296   13.6954870    
   55.4504623        11626399   13.6913605    
   55.8259850        11626402   13.6917629    
   62.8794670        11703356   26.1854305    
   55.8252106        11806442   32.3803787    
   56.1420059        11971309   15.8405704    
   55.7637634        12579432   22.8597183    
   56.7901192        12814498   20.7608948    
   55.5852089        12814567   20.7591286    
   55.4685173        12828341   48.2556534    
   55.7132072        13350205   52.4295197    
   56.0779877        13480476   15.3230648    
   56.2144012        13480481   15.3229389    
   55.9560852        13636378   28.7137527    
   55.4627457        13636379   28.7136574    
   57.0223312        14029533   44.4473953    
   55.8717880        14336344   41.6911850    
   55.5143929        14945369   48.0720215    
   57.1553078        14945377   48.0720749    
   55.6378632        14945378   48.0716782    
   58.2902107        15022040   34.4890289    
   55.5490494        15211457   45.7836914    
   56.1900253        15918987   26.3759956    
   55.8264732        15945836   27.8725662    
   55.9168777        15967863   53.6744728    
   55.4585533        16030271   31.4004993    
   57.1085548        16380354   17.5487041    
   55.7789230        16656356   27.3480721    
   56.3139763        17325103   22.8601646    
   56.4473381        17325396   22.8599892    
   55.6372299        17357961   27.1328640    
   55.6466484        17478689   57.2879410    
   57.7780266        17538042   20.4788246    
   55.7729301        17741955   28.0075531    
   58.9807739        18009553   30.0092640    
   55.4520721        18145970   31.1252384    
   55.7686272        18376486   43.7251892    
   58.0648270        18703243   45.4743462    
   56.9872627        18847347   34.2053070    
   55.5119553        18847348   34.2050934    
   55.5887680        19148582   13.3859262    
   55.4487343        19214257   44.6758118    
   57.4587555        19214269   44.6760216    
   58.0171890        19214309   44.6757278    
   55.9947891        19214310   44.6756287    
   56.0361977        19648696   12.9103832    
   56.2005615        19957241   34.8706436    
   56.0457916        20064766   33.4635391    
   55.7767677        20064873   33.4632835    
   55.8746643        20856572   39.4826965    
   57.1355591        20864443   56.4444809    
   57.5204163        20921751   33.1802559    
   59.2338295        20921753   33.1802826    
   55.5664597        21490863   53.1197281    
   55.7827835        21673341   39.1363602    
   56.9238586        21745484   24.7029171    
   61.7186775        21745485   24.7029037    
   55.5014954        21745498   24.7036018    
   55.6645584        21745500   24.7037659    
   57.2413063        21745652   24.6991062    
   57.2612495        21747221   29.6917629    
   58.3019829        21747414   29.6852932    
   57.1489258        22085832   26.3238544    
   57.2530594        22085833   26.3236961    
   55.6137581        22095072   26.3894005    
   57.7049828        22095116   26.3890228    
   55.9890251        22178550   33.4514542    
   55.4536858        22243502   37.2663689    
   56.4531288        22243503   37.2663574    
   55.9093666        22482046   34.8181076    
   55.5489273        23002098   14.0372143    
   58.1147461        23002099   14.0371485    
   57.9098969        23002100   14.0370064    
   55.8928223        23665384   44.6032982    
   56.6419144        23938613   9.95340633    
   55.7455597        23995460   32.9152603    
   55.5067101        24019152   28.7433319    
   56.2481689        24028199   37.8848610    
   56.0269356        24056563   29.5338612    
   55.5004425        24056629   29.5342426    
   57.8576164        24252380   35.6061478    
   56.3111153        24537751   58.6523132    
   58.0781746        24647417   22.2724171    
   55.7110405        24973309   11.0481339    
   56.9752426        25293912   16.0380592    
   55.7083435        25428292   17.2024937    
   56.6658478        25449347   11.9999065    
   56.9336395        25998836   27.5977173    
   55.4816971        25998842   27.5979290    
   55.5804024        25999060   27.5984287    
   57.0650253        26524219   11.9536343    
   60.8692017        26524220   11.9536381    
   55.8384590        27212988   34.8469048    
   56.5495872        27212990   34.8470116    
   55.7045822        27213136   38.1532288    
